B [T] delta f transversal 3.7 GHZ delta f longitudinal 3.7 GHZ delta f transversal 4.4 GHZ delta f longitudinal 4.4 GHZ
3.0278E-5 0 0 0 0
0.001031114 50000 50000 111111 -93333
0.002002425 -150000 -50000 -222222 -46666
0.002994675 -100000 -50000 55556 -93333
0.003967793 -100000 50000 111111 0
0.005036265 -100000 150000 55556 -93333
0.006025804 -150000 50000 -388889 -46666
0.006995759 -150000 150000 0 -46666
0.00798605 -300000 50000 0 -373333
0.009033282 -300000 -50000 111111 -233333
0.009980642 -350000 100000 0 -233333
0.010993529 -450000 150000 0 -93333
0.011977192 -600000 150000 -333333 -233333
0.013010867 -750000 150000 -111111 -280000
0.014022398 -900000 100000 -611111 -420000
0.014994764 -950000 -50000 -722222 -490000
0.016024522 -950000 0 -833333 -536666
0.01696902 -1200000 50000 -833333 -490000
0.017961872 -1400000 -50000 -833333 -630000
0.01898696 -1350000 -100000 -833333 -560000
0.019963995 -1650000 -250000 -833333 -583333
0.021038493 -1750000 -200000 -833333 -770000
0.021960998 -1800000 -300000 -1333333 -980000
0.022956862 -1950000 -400000 -1333333 -1073333
0.02397231 -2400000 -350000 -2111111 -1073333
0.024989114 -2350000 -500000 -2222222 -1073333
0.025962684 -2500000 -400000 -2611111 -980000
0.027036278 -2700000 -450000 -2833333 -770000
0.027964055 -2900000 -550000 -2944444 -1073333
0.029028309 -3100000 -500000 -2611111 -1096666
0.030002784 -3150000 -550000 -2611111 -1026666
0.030980873 -3250000 -550000 -3000000 -1096666
0.031963783 -3600000 -650000 -3111111 -1073333
0.032990228 -3850000 -650000 -2944444 -1073333
0.034040021 -4000000 -750000 -3111111 -1073333
0.034973371 -4000000 -850000 -3722222 -1330000
0.035982341 -4250000 -1100000 -4055555 -1330000
0.0369886 -4350000 -1050000 -3666666 -1446666
0.037968196 -4650000 -1050000 -4166666 -1493333
0.03901106 -4700000 -1050000 -4166666 -1563333
0.040031931 -4700000 -1250000 -4166666 -1493333
0.040998271 -4800000 -1050000 -4166666 -1936666
0.041995341 -5200000 -1300000 -4277778 -2006666
0.043028714 -5400000 -1350000 -5000000 -2030000
0.043995657 -5400000 -1500000 -5333333 -2193333
0.045007339 -5400000 -1550000 -5111111 -2193333
0.045973679 -5750000 -1600000 -5333333 -2216666
0.047036276 -5900000 -1600000 -5388889 -2216666
0.048018282 -6000000 -1650000 -5333333 -2193333
0.049033881 -6000000 -1850000 -5944444 -2566666
0.050027335 -6400000 -1950000 -5388889 -2613333
0.050974092 -6400000 -2000000 -5722222 -2566666
0.052038497 -6350000 -2100000 -6222222 -2823333
0.053020353 -6550000 -2350000 -6055555 -3033333
0.053982776 -6550000 -2300000 -6777778 -3056666
0.054963577 -6550000 -2200000 -6777778 -2870000
0.05599198 -6850000 -2400000 -6888889 -3150000
0.057032283 -7100000 -2400000 -6777778 -3173333
0.058009469 -7200000 -2450000 -7222222 -3453333
0.059010003 -7250000 -2650000 -6833333 -3453333
0.060026656 -7400000 -2800000 -7333333 -3453333
0.060969949 -7600000 -2950000 -7222222 -3710000
0.061976057 -7600000 -2950000 -6777778 -3453333
0.0629668 -7750000 -3000000 -7277778 -3966666
0.063971854 -7800000 -3350000 -7222222 -4036666
0.06503174 -7800000 -3050000 -7277778 -4130000
0.065973375 -8150000 -3500000 -7333333 -4036666
0.066967583 -7750000 -3450000 -7277778 -4386666
0.067998697 -8350000 -3600000 -7666666 -4666666
0.069030414 -8450000 -3500000 -7722222 -4596666
0.0699722 -8450000 -3600000 -7722222 -4596666
0.070967914 -8850000 -3700000 -8555555 -4666666
0.07199481 -8850000 -3600000 -8666666 -4596666
0.073008601 -8850000 -4150000 -8555555 -4923333
0.073960781 -8900000 -3800000 -8888889 -4690000
0.075013135 -8900000 -4400000 -8888889 -5180000
0.075976613 -9050000 -4300000 -8888889 -5086666
0.076997182 -9250000 -4250000 -8555555 -5180000
0.078028899 -9550000 -4400000 -8555555 -5436666
0.07900021 -9450000 -4600000 -8944444 -5576666
0.079963838 -9650000 -4550000 -8944444 -5740000
0.080988776 -9450000 -4900000 -8777778 -5670000
0.08202456 -9650000 -4950000 -8722222 -5786666
0.082997227 -10050000 -4950000 -8944444 -5670000
0.084019152 -10150000 -4900000 -8944444 -5973333
0.085020741 -10200000 -5050000 -9111111 -6253333
0.086033779 -10200000 -4900000 -9666666 -5996666
0.087036422 -10200000 -5300000 -10111111 -6043333
0.088012554 -10600000 -5450000 -10055555 -6486666
0.088987179 -10800000 -5650000 -10055555 -6486666
0.089973855 -10900000 -5550000 -10333333 -6486666
0.090962338 -10850000 -5650000 -10055555 -6486666
0.091998423 -10850000 -5600000 -10166666 -6510000
0.093037672 -10900000 -5600000 -10666666 -6836666
0.093968461 -11200000 -5750000 -11055555 -6790000
0.095021719 -11500000 -5750000 -11166666 -6696666
0.096018036 -11450000 -5950000 -11166666 -6836666
0.09703725 -11750000 -6150000 -11111111 -7326666
0.097976324 -11900000 -6150000 -11166666 -7280000
0.098987253 -11800000 -6150000 -11166666 -7303333
0.100018819 -11900000 -6150000 -12000000 -7326666
0.10096889 -12500000 -6650000 -11944444 -7256666
0.101974245 -12400000 -6700000 -12333333 -7350000
0.103032022 -12550000 -6650000 -11944444 -7280000
0.104015836 -12500000 -6700000 -11944444 -7280000
0.104958526 -12600000 -6850000 -12333333 -7280000
0.106021876 -13050000 -6850000 -12388889 -7723333
0.107009004 -13050000 -6750000 -12833333 -7910000
0.108006978 -13100000 -6950000 -12777778 -7956666
0.109019413 -13550000 -7000000 -12777778 -7746666
0.109981685 -13450000 -7050000 -13277778 -7746666
0.110968512 -13800000 -7450000 -13055555 -7770000
0.112005652 -13800000 -7400000 -13222222 -8260000
0.11297862 -14250000 -7550000 -13222222 -8213333
0.113980661 -14350000 -7450000 -13722222 -7746666
0.115026989 -14450000 -7650000 -13500000 -8446666
0.115963352 -14350000 -7550000 -13722222 -8283333
0.117003354 -14650000 -7650000 -14388889 -8353333
0.118015337 -14900000 -7750000 -14611111 -8446666
0.11897294 -15000000 -7650000 -14333333 -8446666
0.119997878 -15450000 -7750000 -14388889 -8703333
0.121016941 -15500000 -7750000 -14722222 -8960000
0.121986746 -15700000 -7750000 -15666666 -8960000
0.122960467 -15900000 -7900000 -15722222 -8960000
0.124025022 -15900000 -8350000 -15722222 -8960000
0.125033541 -16450000 -8350000 -15722222 -8960000
0.125982859 -16450000 -8500000 -15722222 -8960000
0.127041389 -16950000 -8450000 -15833333 -9030000
0.128017972 -16950000 -8450000 -15722222 -9543333
0.129024532 -17050000 -8500000 -15666666 -9310000
0.129970988 -17100000 -8550000 -16777778 -9310000
0.130966401 -17550000 -8900000 -16833333 -9310000
0.132011826 -17950000 -8550000 -16944444 -9613333
0.132972893 -17900000 -8950000 -17611111 -9893333
0.133968005 -18250000 -9200000 -17722222 -9893333
0.134959803 -18400000 -9100000 -17722222 -9893333
0.13597751 -18400000 -9150000 -18611111 -9916666
0.136985426 -18700000 -9200000 -18666666 -9893333
0.138033863 -18700000 -9300000 -18833333 -9916666
0.138979716 -19250000 -9200000 -18666666 -10126666
0.140029811 -19350000 -9600000 -18944444 -10453333
0.141003683 -19400000 -9750000 -19166666 -10406666
0.142025307 -19750000 -9450000 -19222222 -10453333
0.142963327 -20100000 -9750000 -20111111 -10406666
0.144009956 -20400000 -9650000 -20166666 -10733333
0.144964697 -20450000 -9650000 -20166666 -10826666
0.146027445 -20400000 -9650000 -21166666 -10966666
0.146981433 -21200000 -9750000 -21166666 -10850000
0.14803921 -21100000 -10150000 -21166666 -10920000
0.149021668 -21700000 -10200000 -21222222 -11106666
0.149983187 -21700000 -9950000 -21222222 -11106666
0.151034336 -22200000 -10100000 -21277778 -11246666
0.151981847 -22200000 -10350000 -22611111 -11106666
0.15296792 -22200000 -10500000 -22777778 -11176666
0.154016207 -22600000 -10600000 -22888889 -11573333
0.154984656 -23150000 -10650000 -23166666 -11480000
0.155965005 -23150000 -10600000 -23388889 -11503333
0.157026096 -23500000 -10600000 -22944444 -11760000
0.157976769 -23950000 -10750000 -24388889 -11760000
0.158995682 -23700000 -10950000 -24000000 -11736666
0.159976935 -24150000 -10950000 -24833333 -11760000
0.160961201 -24150000 -11100000 -24388889 -12460000
0.16202907 -24050000 -11100000 -24833333 -11806666
0.163027797 -24150000 -10950000 -24722222 -12110000
0.164036918 -24900000 -11200000 -24833333 -12460000
0.164989098 -25000000 -11150000 -25555555 -12693333
0.165968845 -25000000 -11550000 -25555555 -12460000
0.167013818 -25550000 -11700000 -25055555 -12436666
0.168026253 -25900000 -12000000 -25555555 -13020000
0.168987019 -25900000 -11700000 -26777778 -13020000
0.169973544 -26000000 -11850000 -26611111 -13043333
0.170962329 -26000000 -12000000 -26000000 -12786666
0.17199269 -26400000 -12000000 -27111111 -13020000
0.173014615 -26950000 -12000000 -27944444 -13323333
0.174019971 -25900000 -12000000 -28055555 -13276666
0.175003031 -26000000 -12000000 -27833333 -13416666
0.176039267 -26850000 -12250000 -26833333 -13276666
0.176961319 -27200000 -12600000 -27944444 -13743333
0.177973001 -27050000 -12650000 -27944444 -13813333
0.17902882 -27700000 -12700000 -27833333 -13416666
0.17996202 -27700000 -12700000 -27888889 -13766666
0.180983192 -27900000 -13000000 -28944444 -13976666
0.181972127 -28500000 -13000000 -29333333 -14326666
0.182957899 -28850000 -13000000 -29388889 -14560000
0.183992327 -28900000 -13150000 -29777778 -14186666
0.185030672 -28850000 -13450000 -29444444 -14350000
0.185971253 -29350000 -13150000 -29722222 -14443333
0.187036261 -29800000 -13150000 -30166666 -14583333
0.187980758 -30150000 -13200000 -30611111 -14560000
0.188988071 -30150000 -13200000 -30944444 -14816666
0.19003455 -30400000 -13900000 -29833333 -14816666
0.191025294 -31050000 -13950000 -31500000 -15423333
0.191980035 -31250000 -13950000 -31722222 -15376666
0.192965505 -31850000 -14000000 -31555555 -15820000
0.193958056 -31850000 -13900000 -31111111 -15936666
0.19503632 -31400000 -14000000 -32500000 -15960000
0.195965754 -31850000 -13950000 -33000000 -15983333
0.196985118 -32400000 -14350000 -33000000 -15936666
0.197964714 -32900000 -14000000 -33000000 -16660000
0.199002155 -33050000 -14550000 -33000000 -16496666
0.200009016 -33050000 -14500000 -34111111 -16496666
0.200983189 -33900000 -14950000 -34388889 -16613333
0.202038857 -34300000 -14950000 -34388889 -16613333
0.203011825 -34350000 -15000000 -35333333 -17056666
0.204010854 -34400000 -14850000 -35277778 -17523333
0.204961527 -34450000 -15300000 -35444444 -17593333
0.2059711 -35450000 -15050000 -35833333 -17523333
0.206985494 -35300000 -15300000 -37000000 -17523333
0.208042969 -35500000 -15350000 -36222222 -17920000
0.209019703 -36050000 -15350000 -36222222 -17966666
0.210011953 -35500000 -15350000 -36833333 -18106666
0.21102032 -36000000 -15400000 -36777778 -18083333
0.212033659 -36550000 -15850000 -37333333 -18036666
0.21303088 -36650000 -15950000 -37944444 -18246666
0.213986073 -37450000 -16150000 -38111111 -18736666
0.214991428 -37750000 -16000000 -37333333 -18783333
0.216027814 -37600000 -16450000 -38000000 -19063333
0.217031663 -38350000 -15950000 -38055555 -19366666
0.21799273 -38350000 -16300000 -39722222 -19296666
0.218998688 -38050000 -16600000 -39555555 -19296666
0.2200292 -38400000 -16450000 -39333333 -19460000
0.220993882 -38400000 -16450000 -39333333 -19856666
0.221965796 -39600000 -16550000 -40277778 -19786666
0.223037733 -40050000 -17050000 -40888889 -20323333
0.223997897 -40050000 -17050000 -40944444 -20300000
0.225038049 -40800000 -17050000 -40888889 -20556666
0.225973056 -40600000 -17050000 -41722222 -20673333
0.22703475 -40900000 -17250000 -42277778 -20580000
0.228002445 -42150000 -17200000 -42277778 -21070000
0.228974359 -41950000 -17200000 -43333333 -21093333
0.22998122 -41950000 -17700000 -43333333 -21070000
0.230960365 -41950000 -17750000 -43777778 -21163333
0.231963159 -42100000 -17750000 -43444444 -21560000
0.233005721 -43400000 -18100000 -43555555 -21606666
0.233988782 -43400000 -18100000 -44500000 -21840000
0.235011008 -43400000 -18100000 -45166666 -22190000
0.23602028 -43850000 -18100000 -45388889 -22353333
0.236988277 -44050000 -18100000 -45388889 -22773333
0.23803807 -44400000 -18200000 -44944444 -22400000
0.23896901 -44900000 -18550000 -45500000 -22890000
0.239977981 -45750000 -18650000 -45666666 -23030000
0.241035004 -45550000 -18850000 -46388889 -23426666
0.242037949 -45750000 -19050000 -48333333 -23426666
0.242999619 -46150000 -19050000 -48722222 -23473333
0.24403224 -45600000 -19300000 -48222222 -23450000
0.245000237 -45750000 -19050000 -48333333 -23916666
0.24598149 -47100000 -19400000 -48222222 -24150000
0.247034446 -47950000 -19450000 -48833333 -24663333
0.248033475 -47850000 -19750000 -48333333 -24266666
0.249006141 -47950000 -19750000 -48833333 -24663333
0.250033038 -48500000 -20100000 -50666666 -24663333
0.250976782 -48350000 -20100000 -50277778 -24850000
0.252021453 -49100000 -20100000 -50833333 -25830000
0.252961884 -49850000 -20100000 -50833333 -25620000
0.253969046 -49700000 -20200000 -51222222 -25550000
0.25496461 -49850000 -20300000 -52000000 -26040000
0.255975087 -51050000 -20600000 -52111111 -26063333
0.257021716 -51050000 -20750000 -52222222 -26086666
0.258039273 -51650000 -20650000 -52944444 -26600000
0.259018718 -52200000 -20750000 -52111111 -26786666
0.260034919 -52150000 -21100000 -54666666 -26950000
0.261039973  -20750000  -27183333
0.262005409  -20750000  -27183333
0.262997056  -21350000  -27416666
0.26402576  -21350000  -27976666
0.26497086  -21750000  -28070000
0.265968533  -21750000  -28163333
0.266967109  -21750000  -28186666
0.267967493  -21750000  -28070000
0.269018341  -21800000  -28816666
0.26999643  -22150000  -29050000
0.270964126  -21750000  -29306666
0.272041486  -22300000  -29726666
0.272982519  -22400000  -29726666
0.273997515  -22300000  -29936666
0.275006334  -22300000  -30380000
0.27597629  -22800000  -30450000
0.277035121  -22950000  -30520000
0.278026015  -23100000  -30870000
0.278963432  -23200000  -30683333
0.279961557  -23400000  -31360000
0.280983633  -23400000  -31383333
0.282035083  -23600000  -31570000
0.282960449  -23750000  -31966666
0.284030729  -23850000  -32176666
0.284965435  -23850000  -32223333
0.286005286  -23850000  -32223333
0.287032032  -23850000  -32806666
0.28796252  -24500000  -32666666
0.28902331  -24250000  -33156666
0.290040414  -24750000  -33623333
0.290960509  -24650000  -33623333
0.291997498  -24650000  -33763333
0.29304006  -25300000  -34183333
0.293962564  -24800000  -33670000
0.294962497  -25100000  -34510000
0.295965441  -25400000  -34370000
0.297009962  -25500000  -34370000
0.298027218  -25700000  -34720000
0.298973673  -25800000  -34650000
0.299969538  -25700000  -34813333
0.301031232  -25800000  
0.30202785  -25800000  
0.302982289  -26200000  
0.303964296  -26700000  
0.305039697  -26700000  
0.306037671  -26700000  
0.307033687  -26700000  
0.307975924  -26700000  
0.308985799  -26750000  
0.309983471  -27300000  
0.311030704  -27300000  
0.311996893  -27300000  
0.31300511  -27700000  
0.314017093  -28050000  
0.315034499  -28100000  
0.315961221  -28250000  
0.316991733  -28250000  
0.318030228  -28050000  
0.319006209  -28750000  
0.320000116  -28700000  
0.320964347  -28650000  
0.321986121  -28700000  
0.322984095  -29050000  
0.323970771  -29100000  
0.325031862  -29450000  
0.325961145  -29500000  
0.327013951  -29650000  
0.327965679  -29650000  
0.329021196  -30050000  
0.329966748  -30150000  
0.3310304  -30500000  
0.331972487  -30500000  
0.332968202  -30500000  
0.333980787  -30500000  
0.335027568  -31050000  
0.336030362  -30900000  
0.336982391  -31050000  
0.337969368  -31000000  
0.338982858  -31550000  
0.339981585  -31650000  
0.340972629  -31550000  
0.341979039  -32100000  
0.343000814  -31750000  
0.343978451  -32250000  
0.345037283  -32500000  
0.34597003  -32550000  
0.347025246  -32500000  
0.347964622  -32600000  
0.349005829  -32950000  
0.349975182  -32950000  
0.350984604  -33400000  
0.352030179  -33650000  
0.352980702  -33400000  
0.353992685  -33750000  
0.354998643  -33800000  
0.355991345  -33700000  
0.357036317  -34300000  
0.358016365  -34650000  
0.359020666  -34650000  
0.359960795  -34700000  
0.360979105  -34800000  
0.361963069  -35200000  
0.363010753  -35250000  
0.363961578  -35300000  
0.365008659  -35600000  
0.365990364  -35700000  
0.367022683  -36100000  
0.367981491  -35700000  
0.369003718  -35950000  
0.369963882  -36400000  
0.370990778  -36400000  
0.371966608  -36550000  
0.372987328  -36850000  
0.374018593  -36850000  
0.375042024  -37250000  
0.37601439  -37150000  
0.376966871  -37300000  
0.378033084  -37700000  
0.379030003  -37700000  
0.379983689  -38000000  
0.381031223  -38000000  
0.381969544  -38150000  
0.382963752  -38350000  
0.384023487  -38600000  
0.385028843  -38600000  
0.38598991  -38800000  
0.386964987  -39300000  
0.387974861  -39350000  
0.388986091  -39250000  
0.390012535  -39550000  
0.390996952  -40100000  
0.391998993  -40200000  
0.393021219  -40350000  
0.394033654  -40400000  
0.394981767  -40400000  
0.396035025  -40650000  
0.397027727  -40950000  
0.397988041  -41300000  
0.398970198  -40850000  
0.400035356  -41250000  
0.400964037  -41600000  
0.401982949  -41700000  
0.402980923  -41900000  
0.403978897  -42300000  
0.405029142  -42300000  
0.405967764  -42500000  
0.407002946  -42500000  
0.408011464  -42950000  
0.409001906  -42750000  
0.410034376  -42850000  
0.41096396  -43400000  
0.411966453  -43700000  
0.412963824  -43700000  
0.414021451  -43850000  
0.41496399  -44200000  
0.416018905  -44500000  
0.416963703  -44500000  
0.418036544  -44850000  
0.41897125  -44850000  
0.419996941  -45200000  
0.421002899  -45200000  
0.422033109  -45400000  
0.423034849  -45950000  
0.42400149  -45850000  
0.424960449  -46350000  
0.426037206  -46600000  
0.427001437  -46600000  
0.428037974  -47000000  
0.428974488  -47150000  
0.429963423  -47250000  
0.430970586  -47250000  
0.432035292  -47800000  
0.432995607  -48050000  
0.433991923  -48400000  
0.435038854  -48400000  
0.435983653  -48650000  
0.437040828  -48500000  
0.438020574  -48750000  
0.439035419  -49350000  
0.44003972  -49500000  
0.440987532  -49500000  
0.441963211  -50000000  
0.442985588  -50000000  
0.444021975  -50450000  
0.444969184  -50450000  
0.445967157  -50450000  
0.447028098  -50450000  
0.448033905  -51250000  
0.448966502  -51650000  
0.44996794  -51650000  
